246059
105421
2563313
7654

89587



198994

115486


192412

3477
4628

496439
23866
112056


523948
112056


90

108985
3


56464

631964





121585
307
5762

738

49849
457
192412
108755
20666

651
42805


43605


178767
394161


41806
164267


863


996

178767
892
24978

304

122144

7885


23775
11125

513

4713
93507
11538



41899


3548

571864

263343

6152

523951

41969
7193
170
198992
335766
331
95578
105422

591


15930
1934

164267
1840
41806

185139

23775
1989008
5274
25242
32864
2735722


33328

21714
29125

496441



3218485
3279


1389268

252495
14399

34169



539


1936

1346




855023




178
25242

496441


855023

6418

